   5.0833333e-02
   1.5250000e-01
   2.5416667e-01
   3.5583333e-01
   4.5750000e-01
   5.5916667e-01
   6.6083333e-01
   7.6250000e-01
   8.6416667e-01
   9.6583333e-01
   1.0675000e+00
   1.1691667e+00
   1.2708333e+00
   1.3725000e+00
   1.4741667e+00
   1.5758333e+00
   1.6775000e+00
   1.7791667e+00
   1.8808333e+00
   1.9825000e+00
   2.0841667e+00
   2.1858333e+00
   2.2875000e+00
   2.3891667e+00
   2.4908333e+00
   2.5925000e+00
   2.6941667e+00
   2.7958333e+00
   2.8975000e+00
   2.9991667e+00
   3.1008333e+00
   3.2025000e+00
   3.3041667e+00
   3.4058333e+00
   3.5075000e+00
   3.6091667e+00
   3.7108333e+00
   3.8125000e+00
   3.9141667e+00
   4.0158333e+00
   4.1175000e+00
   4.2191667e+00
   4.3208333e+00
   4.4225000e+00
   4.5241667e+00
   4.6258333e+00
   4.7275000e+00
   4.8291667e+00
   4.9308333e+00
   5.0325000e+00
   5.1341667e+00
   5.2358333e+00
   5.3375000e+00
   5.4391667e+00
   5.5408333e+00
   5.6425000e+00
   5.7441667e+00
   5.8458333e+00
   5.9475000e+00
   6.0491667e+00
   6.1508333e+00
   6.2525000e+00
   6.3541667e+00
   6.4558333e+00
   6.5575000e+00
   6.6591667e+00
   6.7608333e+00
   6.8625000e+00
   6.9641667e+00
   7.0658333e+00
   7.1675000e+00
   7.2691667e+00
   7.3708333e+00
   7.4725000e+00
   7.5741667e+00
   7.6758333e+00
   7.7775000e+00
   7.8791667e+00
   7.9808333e+00
   8.0825000e+00
   8.1841667e+00
   8.2858333e+00
   8.3875000e+00
   8.4891667e+00
   8.5908333e+00
   8.6925000e+00
   8.7941667e+00
   8.8958333e+00
   8.9975000e+00
   9.0991667e+00
   9.2008333e+00
   9.3025000e+00
   9.4041667e+00
   9.5058333e+00
   9.6075000e+00
   9.7091667e+00
   9.8108333e+00
   9.9125000e+00
   1.0014167e+01
   1.0115833e+01
   1.0217500e+01
   1.0319167e+01
   1.0420833e+01
   1.0522500e+01
   1.0624167e+01
   1.0725833e+01
   1.0827500e+01
   1.0929167e+01
   1.1030833e+01
   1.1132500e+01
   1.1234167e+01
   1.1335833e+01
   1.1437500e+01
   1.1539167e+01
   1.1640833e+01
   1.1742500e+01
   1.1844167e+01
   1.1945833e+01
   1.2047500e+01
   1.2149167e+01
   1.2250833e+01
   1.2352500e+01
   1.2454167e+01
   1.2555833e+01
   1.2657500e+01
   1.2759167e+01
   1.2860833e+01
   1.2962500e+01
   1.3064167e+01
   1.3165833e+01
   1.3267500e+01
   1.3369167e+01
   1.3470833e+01
   1.3572500e+01
   1.3674167e+01
   1.3775833e+01
   1.3877500e+01
   1.3979167e+01
   1.4080833e+01
   1.4182500e+01
   1.4284167e+01
   1.4385833e+01
   1.4487500e+01
   1.4589167e+01
   1.4690833e+01
   1.4792500e+01
   1.4894167e+01
   1.4995833e+01
   1.5097500e+01
   1.5199167e+01
   1.5300833e+01
   1.5402500e+01
   1.5504167e+01
   1.5605833e+01
   1.5707500e+01
   1.5809167e+01
   1.5910833e+01
   1.6012500e+01
   1.6114167e+01
   1.6215833e+01
   1.6317500e+01
   1.6419167e+01
   1.6520833e+01
   1.6622500e+01
   1.6724167e+01
   1.6825833e+01
   1.6927500e+01
   1.7029167e+01
   1.7130833e+01
   1.7232500e+01
   1.7334167e+01
   1.7435833e+01
   1.7537500e+01
   1.7639167e+01
   1.7740833e+01
   1.7842500e+01
   1.7944167e+01
   1.8045833e+01
   1.8147500e+01
   1.8249167e+01
   1.8350833e+01
   1.8452500e+01
   1.8554167e+01
   1.8655833e+01
   1.8757500e+01
   1.8859167e+01
   1.8960833e+01
   1.9062500e+01
   1.9164167e+01
   1.9265833e+01
   1.9367500e+01
   1.9469167e+01
   1.9570833e+01
   1.9672500e+01
   1.9774167e+01
   1.9875833e+01
   1.9977500e+01
   2.0079167e+01
   2.0180833e+01
   2.0282500e+01
   2.0384167e+01
   2.0485833e+01
   2.0587500e+01
   2.0689167e+01
   2.0790833e+01
   2.0892500e+01
   2.0994167e+01
   2.1095833e+01
   2.1197500e+01
   2.1299167e+01
   2.1400833e+01
   2.1502500e+01
   2.1604167e+01
   2.1705833e+01
   2.1807500e+01
   2.1909167e+01
   2.2010833e+01
   2.2112500e+01
   2.2214167e+01
   2.2315833e+01
   2.2417500e+01
   2.2519167e+01
   2.2620833e+01
   2.2722500e+01
   2.2824167e+01
   2.2925833e+01
   2.3027500e+01
   2.3129167e+01
   2.3230833e+01
   2.3332500e+01
   2.3434167e+01
   2.3535833e+01
   2.3637500e+01
   2.3739167e+01
   2.3840833e+01
   2.3942500e+01
   2.4044167e+01
   2.4145833e+01
   2.4247500e+01
   2.4349167e+01
   2.4450833e+01
   2.4552500e+01
   2.4654167e+01
   2.4755833e+01
   2.4857500e+01
   2.4959167e+01
   2.5060833e+01
   2.5162500e+01
   2.5264167e+01
   2.5365833e+01
   2.5467500e+01
   2.5569167e+01
   2.5670833e+01
   2.5772500e+01
   2.5874167e+01
   2.5975833e+01
   2.6077500e+01
   2.6179167e+01
   2.6280833e+01
   2.6382500e+01
   2.6484167e+01
   2.6585833e+01
   2.6687500e+01
   2.6789167e+01
   2.6890833e+01
   2.6992500e+01
   2.7094167e+01
   2.7195833e+01
   2.7297500e+01
   2.7399167e+01
   2.7500833e+01
   2.7602500e+01
   2.7704167e+01
   2.7805833e+01
   2.7907500e+01
   2.8009167e+01
   2.8110833e+01
   2.8212500e+01
   2.8314167e+01
   2.8415833e+01
   2.8517500e+01
   2.8619167e+01
   2.8720833e+01
   2.8822500e+01
   2.8924167e+01
   2.9025833e+01
   2.9127500e+01
   2.9229167e+01
   2.9330833e+01
   2.9432500e+01
   2.9534167e+01
   2.9635833e+01
   2.9737500e+01
   2.9839167e+01
   2.9940833e+01
   3.0042500e+01
   3.0144167e+01
   3.0245833e+01
   3.0347500e+01
   3.0449167e+01
